step,plaquette
5, 0.45863
10, 0.525474
15, 0.543949
20, 0.555236
25, 0.558107
30, 0.564404
35, 0.565845
40, 0.566442
45, 0.567383
50, 0.56678
55, 0.567715
60, 0.568525
65, 0.564156
70, 0.56798
75, 0.569136
80, 0.567271
85, 0.56851
90, 0.567566
95, 0.567852
100, 0.569568
105, 0.568746
110, 0.567559
115, 0.566787
120, 0.570731
125, 0.569134
130, 0.572841
135, 0.57473
140, 0.572867
145, 0.571019
150, 0.572484
155, 0.568693
160, 0.571875
165, 0.568445
170, 0.571144
175, 0.571262
180, 0.574866
185, 0.573987
190, 0.574036
195, 0.573916
200, 0.570764
205, 0.568517
210, 0.5723
215, 0.570461
220, 0.569849
225, 0.575162
230, 0.572949
235, 0.573181
240, 0.573987
245, 0.575346
250, 0.573084
255, 0.57296
260, 0.571218
265, 0.572878
270, 0.572383
275, 0.565536
280, 0.570066
285, 0.572194
290, 0.572327
295, 0.572203
300, 0.569761
305, 0.570307
310, 0.570151
315, 0.570461
320, 0.573438
325, 0.570723
330, 0.5741
335, 0.569273
340, 0.573975
345, 0.574198
350, 0.569579
355, 0.568873
360, 0.570891
365, 0.570965
370, 0.566849
375, 0.569815
380, 0.569419
385, 0.569392
390, 0.571221
395, 0.572526
400, 0.575116
405, 0.574584
410, 0.572717
415, 0.569177
420, 0.570732
425, 0.567313
430, 0.571279
435, 0.574127
440, 0.571455
445, 0.570775
450, 0.572424
455, 0.577885
460, 0.572347
465, 0.575474
470, 0.56918
475, 0.573312
480, 0.573396
485, 0.567556
490, 0.570647
495, 0.573091
500, 0.573045
505, 0.57201
510, 0.567821
515, 0.572585
520, 0.572974
525, 0.568575
530, 0.567066
535, 0.567811
540, 0.567173
545, 0.568027
550, 0.567853
555, 0.569762
560, 0.574021
565, 0.572198
570, 0.574366
575, 0.572452
580, 0.571618
585, 0.575343
590, 0.574805
595, 0.570682
600, 0.569898
605, 0.569279
610, 0.568192
615, 0.567212
620, 0.569853
625, 0.571642
630, 0.571966
635, 0.57422
640, 0.573681
645, 0.5696
650, 0.571263
655, 0.572887
660, 0.575479
665, 0.570013
670, 0.574273
675, 0.570438
680, 0.574444
685, 0.573098
690, 0.572135
695, 0.572695
700, 0.570818
705, 0.570937
710, 0.57057
715, 0.571227
720, 0.567555
725, 0.572599
730, 0.57319
735, 0.570335
740, 0.569171
745, 0.573224
750, 0.574713
755, 0.571515
760, 0.567643
765, 0.571722
770, 0.569767
775, 0.572722
780, 0.571103
785, 0.575143
790, 0.571821
795, 0.57137
800, 0.574012
805, 0.574969
810, 0.574856
815, 0.57135
820, 0.57216
825, 0.569828
830, 0.569905
835, 0.571618
840, 0.573357
845, 0.566695
850, 0.570361
855, 0.570627
860, 0.57151
865, 0.572075
870, 0.575307
875, 0.572455
880, 0.574336
885, 0.573496
890, 0.569492
895, 0.571605
900, 0.569685
905, 0.573123
910, 0.573365
915, 0.574854
920, 0.567529
925, 0.572027
930, 0.573346
935, 0.571677
940, 0.568902
945, 0.571963
950, 0.578318
955, 0.572091
960, 0.575236
965, 0.575301
970, 0.570033
975, 0.572334
980, 0.573582
985, 0.569914
990, 0.571198
995, 0.572303
1000, 0.57357
1005, 0.571149
1010, 0.571913
1015, 0.570051
1020, 0.569916
1025, 0.569916
1030, 0.573453
1035, 0.57335
1040, 0.571817
1045, 0.56565
1050, 0.570269
1055, 0.572472
1060, 0.572728
1065, 0.572299
1070, 0.5726
1075, 0.573856
1080, 0.570346
1085, 0.575748
1090, 0.569344
1095, 0.5719
1100, 0.570355
1105, 0.567086
1110, 0.576079
1115, 0.576079
1120, 0.574976
1125, 0.571827
1130, 0.570708
1135, 0.574962
1140, 0.570069
1145, 0.570706
1150, 0.574077
1155, 0.575613
1160, 0.567556
1165, 0.571025
1170, 0.570458
1175, 0.569075
1180, 0.57499
1185, 0.573821
1190, 0.57137
1195, 0.573521
1200, 0.575294
1205, 0.570773
1210, 0.570773
1215, 0.574007
1220, 0.575579
1225, 0.57414
1230, 0.573336
1235, 0.568955
1240, 0.573542
1245, 0.569526
1250, 0.573895
1255, 0.572641
1260, 0.573776
1265, 0.570478
1270, 0.572621
1275, 0.578231
1280, 0.571656
1285, 0.570801
1290, 0.575765
1295, 0.573522
1300, 0.571305
1305, 0.571092
1310, 0.571735
1315, 0.569621
1320, 0.572399
1325, 0.57048
1330, 0.570056
1335, 0.569008
1340, 0.568783
1345, 0.570729
1350, 0.570647
1355, 0.572448
1360, 0.575088
1365, 0.572147
1370, 0.56563
1375, 0.567621
1380, 0.569864
1385, 0.569864
1390, 0.570392
1395, 0.570132
1400, 0.560932
1405, 0.571786
1410, 0.574894
1415, 0.573105
1420, 0.573105
1425, 0.572769
1430, 0.572754
1435, 0.572983
1440, 0.571554
1445, 0.573931
1450, 0.575276
1455, 0.572133
1460, 0.572588
1465, 0.574119
1470, 0.569128
1475, 0.572138
1480, 0.571299
1485, 0.568936
1490, 0.569457
1495, 0.569633
1500, 0.571187
1505, 0.573606
1510, 0.568425
1515, 0.573437
1520, 0.572212
1525, 0.570677
1530, 0.573438
1535, 0.572853
1540, 0.57077
1545, 0.569398
1550, 0.571737
1555, 0.572153
1560, 0.571436
1565, 0.569435
1570, 0.571531
1575, 0.569488
1580, 0.568422
1585, 0.569814
1590, 0.570243
1595, 0.572685
1600, 0.5702
1605, 0.567413
1610, 0.567539
1615, 0.57417
1620, 0.572198
1625, 0.572268
1630, 0.568577
1635, 0.572505
1640, 0.57279
1645, 0.572835
1650, 0.576008
1655, 0.572619
1660, 0.572401
1665, 0.570818
1670, 0.574152
1675, 0.574921
1680, 0.574523
1685, 0.567353
1690, 0.569247
1695, 0.575333
1700, 0.570833
1705, 0.572164
1710, 0.56893
1715, 0.5714
1720, 0.569273
1725, 0.572929
1730, 0.573565
1735, 0.571427
1740, 0.570904
1745, 0.574496
1750, 0.573543
1755, 0.5701
1760, 0.567834
1765, 0.574164
1770, 0.569152
1775, 0.572681
1780, 0.573988
1785, 0.57133
1790, 0.572818
1795, 0.568466
1800, 0.56983
1805, 0.570308
1810, 0.572374
1815, 0.573299
1820, 0.57493
1825, 0.575464
1830, 0.572761
1835, 0.573399
1840, 0.576328
1845, 0.569314
1850, 0.571389
1855, 0.572236
1860, 0.575012
1865, 0.576781
1870, 0.575136
1875, 0.572949
1880, 0.572894
1885, 0.577117
1890, 0.571502
1895, 0.568706
1900, 0.568997
1905, 0.569973
1910, 0.571207
1915, 0.571885
1920, 0.572372
1925, 0.56908
1930, 0.5716
1935, 0.570962
1940, 0.570846
1945, 0.570288
1950, 0.574241
1955, 0.570476
1960, 0.572161
1965, 0.567881
1970, 0.570723
1975, 0.570309
1980, 0.571656
1985, 0.570762
1990, 0.570494
1995, 0.572258
2000, 0.572612
2005, 0.572225
2010, 0.569332
2015, 0.56619
2020, 0.571044
2025, 0.572641
2030, 0.57045
2035, 0.570383
2040, 0.572168
2045, 0.570716
2050, 0.565883
2055, 0.570917
2060, 0.570021
2065, 0.570593
2070, 0.569354
2075, 0.572151
2080, 0.570722
2085, 0.57035
2090, 0.571048
2095, 0.568502
2100, 0.570496
2105, 0.56986
2110, 0.567706
2115, 0.568177
2120, 0.571065
2125, 0.572706
2130, 0.572292
2135, 0.568278
2140, 0.572146
2145, 0.572121
2150, 0.569358
2155, 0.57285
2160, 0.570449
2165, 0.573246
2170, 0.572203
2175, 0.570346
2180, 0.568817
2185, 0.57189
2190, 0.568019
2195, 0.573133
2200, 0.571472
2205, 0.575675
2210, 0.571534
2215, 0.575544
2220, 0.5748
2225, 0.575368
2230, 0.572742
2235, 0.568547
2240, 0.56989
2245, 0.574316
2250, 0.568892
2255, 0.571161
2260, 0.572356
2265, 0.570626
2270, 0.577737
2275, 0.574168
2280, 0.569503
2285, 0.570877
2290, 0.573792
2295, 0.572601
2300, 0.577529
2305, 0.573841
2310, 0.571014
2315, 0.574815
2320, 0.57209
2325, 0.569202
2330, 0.570094
2335, 0.571624
2340, 0.571755
2345, 0.569258
2350, 0.569672
2355, 0.570469
2360, 0.570934
2365, 0.571001
2370, 0.566806
2375, 0.570227
2380, 0.5707
2385, 0.5685
2390, 0.568998
2395, 0.570648
2400, 0.57096
2405, 0.569587
2410, 0.573368
2415, 0.56344
2420, 0.569943
2425, 0.570686
2430, 0.568447
2435, 0.569758
2440, 0.570621
2445, 0.570725
2450, 0.568471
2455, 0.571922
2460, 0.572973
2465, 0.570279
2470, 0.575481
2475, 0.573824
2480, 0.569252
2485, 0.57357
2490, 0.572958
2495, 0.56867
2500, 0.571531
2505, 0.576904
2510, 0.574497
2515, 0.572798
2520, 0.573173
2525, 0.571525
2530, 0.567001
2535, 0.565405
2540, 0.570047
2545, 0.568692
2550, 0.568184
2555, 0.569366
2560, 0.571841
2565, 0.569469
2570, 0.570212
2575, 0.572222
2580, 0.573166
2585, 0.573367
2590, 0.570867
2595, 0.570278
2600, 0.571264
2605, 0.569534
2610, 0.569609
2615, 0.567348
2620, 0.573096
2625, 0.575498
2630, 0.571075
2635, 0.568181
2640, 0.571673
2645, 0.56963
2650, 0.57125
2655, 0.569333
2660, 0.568971
2665, 0.571942
2670, 0.570025
2675, 0.57164
2680, 0.571662
2685, 0.571031
2690, 0.570746
2695, 0.572349
2700, 0.571007
2705, 0.572688
2710, 0.569498
2715, 0.574344
2720, 0.572914
2725, 0.571344
2730, 0.572549
2735, 0.57561
2740, 0.574099
2745, 0.570906
2750, 0.572186
2755, 0.570228
2760, 0.566404
2765, 0.568531
2770, 0.568793
2775, 0.571791
2780, 0.572651
2785, 0.572476
2790, 0.573215
2795, 0.569546
2800, 0.571992
2805, 0.567785
2810, 0.572495
2815, 0.572269
2820, 0.573581
2825, 0.57341
2830, 0.571907
2835, 0.571906
2840, 0.57115
2845, 0.572031
2850, 0.570659
2855, 0.567857
2860, 0.567735
2865, 0.56932
2870, 0.566739
2875, 0.567884
2880, 0.573349
2885, 0.571056
2890, 0.571824
2895, 0.572172
2900, 0.56996
2905, 0.570893
2910, 0.567895
2915, 0.570147
2920, 0.566957
2925, 0.574425
2930, 0.574425
2935, 0.576412
2940, 0.570737
2945, 0.56978
2950, 0.572765
2955, 0.573057
2960, 0.575455
2965, 0.571112
2970, 0.564753
2975, 0.566633
2980, 0.567338
2985, 0.568117
2990, 0.575291
2995, 0.57238
